Family id	[Relation]	Sample id	AMEL 1	AMEL 2	CSF1PO 1	CSF1PO 2	D10S1248 1	D10S1248 2	D10S1435 1	D10S1435 2	D10S2325 1	D10S2325 2	D11S1304 1	D11S1304 2	D11S4463 1	D11S4463 2	D12ATA63 1	D12ATA63 2	D12S297 1	D12S297 2	D12S391 1	D12S391 2	D13S317 1	D13S317 2	D14S1426 1	D14S1426 2	D14S1434 1	D14S1434 2	D15S822 1	D15S822 2	D16S539 1	D16S539 2	D17S1301 1	D17S1301 2	D17S974 1	D17S974 2	D18S51 1	D18S51 2	D19S433 1	D19S433 2	D1S1627 1	D1S1627 2	D1S1656 1	D1S1656 2	D1S1677 1	D1S1677 2	D1S1679 1	D1S1679 2	D20S482 1	D20S482 2	D21S102 1	D21S102 2	D21S11 1	D21S11 2	D21S2055 1	D21S2055 2	D22S1045 1	D22S1045 2	D2S1338 1	D2S1338 2	D2S1360 1	D2S1360 2	D2S1776 1	D2S1776 2	D2S427 1	D2S427 2	D2S441 1	D2S441 2	D3S1358 1	D3S1358 2	D3S1744 1	D3S1744 2	D3S2406 1	D3S2406 2	D3S3053 1	D3S3053 2	D3S4529 1	D3S4529 2	D3S4545 1	D3S4545 2	D4S2364 1	D4S2364 2	D4S2366 1	D4S2366 2	D4S2408 1	D4S2408 2	D5S1457 1	D5S1457 2	D5S2500 1	D5S2500 2	D5S818 1	D5S818 2	D6S1017 1	D6S1017 2	D6S1027 1	D6S1027 2	D6S1043 1	D6S1043 2	D6S474 1	D6S474 2	D7S1517 1	D7S1517 2	D7S2201 1	D7S2201 2	D7S820 1	D7S820 2	D8S1132 1	D8S1132 2	D8S1179 1	D8S1179 2	D9S1118 1	D9S1118 2	D9S1120 1	D9S1120 2	D9S1122 1	D9S1122 2	D9S2157 1	D9S2157 2	F13A01 1	F13A01 2	F13B 1	F13B 2	FESFPS 1	FESFPS 2	FGA 1	FGA 2	LPL 1	LPL 2	Penta_B 1	Penta_B 2	Penta_C 1	Penta_C 2	Penta_D 1	Penta_D 2	Penta_E 1	Penta_E 2	SE33 1	SE33 2	TH01 1	TH01 2	TPOX 1	TPOX 2	vWA 1	vWA 2
FAM1	[Father]	5-FATHER	X	Y																																																																																																																																												
FAM1	[Paternal grandfather]	1-PGF	X	Y																																																																																																																																												
FAM1	[Paternal grandmother]	2-PGM	X	X																																																																																																																																												
FAM1	[Mother]	6-MOTHER	X	X																																																																																																																																												
FAM1	[Maternal grandfather]	3-MGF	X	Y																																																																																																																																												
FAM1	[Maternal grandmother]	4-MGM	X	X																																																																																																																																												
FAM1	[Aunt]	8-PA	X	X	10	11	12	16	12	12	9	12	14	17	12	15	16	17	15	19	20	21	8	11	9	13	14	14	16	18	8	9	12	13	8	9	16	17	13.2	14	11	14	14	16	14	15	22	24	13	15	10	12	30	30.2	22	26	10	14	24	26	21	22	9	12	12.3	12.3	11.3	12	15	17	16	18	31	37	13	13	13	14	31.3	32.3	11	11	9	12	9	9	13.1	14	11	12	11	12	13	13	8	8	16	19	13	18	22	24	11	12	11	12	17	22	13	14	8	14.3	9	9	13	13	13	13	5	7	6	10	11	12	21	24	10	10	14	14	11	11	7	8	8	12	17	19	6	7	8	9	17	18
FAM2	[Father]	5-FATHER	X	Y																																																																																																																																												
FAM2	[Paternal grandfather]	1-PGF	X	Y	10	12	14	14	12	12	7	10	8	8	14	15	16	17	5	19	19	22	11	12	8	9	14	14	10	23.3	12	13	11	13	8	9	13	18	13	14	13	13	14	18.3	13	14	22	22	14	16	9	11	27	31.2	26	26	11	15	18	19	21	22	11	12	12.3	13.3	10	14	14	16	15	17	33	38	12	12	15	15	31.3	32.3	9	10	12	12	9	10	13	14	11	11	12	12	12	13	8	13	20.3	22	13	14	20	22	11	12	7	8	18	22	13	14	7	7	15	15	13	13	13	13	3.2	7	8	9	9	12	22	23	10	10	11	13	9	14	10	13	9	16	12	30.2	7	9	8	11	19	19
FAM2	[Paternal grandmother]	2-PGM	X	X	11	12	12	14	12	12	10	11	8	10	14	14	16	19	14	19	18	22	11	12	8	8	13	14	14	16	9	13	12	12	9	10	17	20	13	15.2	14	14	14	15.3	14	14	22	25	14	14	10	10	29	29	26	37	11	15	19	20	22	23	9	13	12.3	14.3	11	11.3	16	18	17	17	33	38	10	13	15	15	30.3	31.3	10	10	11	14	9	10	13	14	10	15	7	11	8	9	8	11	14	22.3	12	16	21	24	11	12	8	10	16	20	13	14	14.3	14.3	9	9	11	13	13	13	4	7	6	6	11	11	20	23	11	11	12	14	9	11	8	12	12	17	17	28.2	7	8	10	11	15	15
FAM2	[Mother]	6-MOTHER	X	X	10	12	14	15	14	14	10	16	14	17	14	16	16	16	19	20	16	21	8	10	9	11	12	14	14	16	9	11	11	12	8	9	16	17	12	13	13	14	16.3	16.3	14	14	19	23	15	15	8	10	29	29	25	25	15	16	22	27	21	23	9	12	12.3	12.3	13.3	14	14	15	18	18	37	38	12	13	14	14	30.3	31.3	9	10	11	12	9	9	12	14	11	11	11	13	8	9	11	11	12	13	15	17	21	22	11	12	10	12	18	20	13	15	13.3	13.3	9	17	13	13	11	15	5	7	6	10	10	10	24	24	9	13	12	14	8	9	9	13	12	14	27.2	29.2	8	9.3	8	11	17	20
FAM2	[Maternal grandfather]	3-MGF	X	Y	8	12	13	15	14	14	13	16	14	17	16	16	12	16	19	19	16	23	10	10	9	9	12	12	14	16	11	12	11	12	8	8	13.2	17	12	13	14	14	15	16.3	13	14	19	21	14	15	9	10	29	29	25	26	15	16	16	27	21	23	12	12	12.3	12.3	13	13.3	14	16	15	18	33	37	12	13	14	14	31.3	32.3	10	11	12	14	9	9	12	14	11	15	11	11	8	12	8	11	12	20	15	16	21	22	12	12	10	10	20	21	15	16	12.3	13.3	9	15	12	13	11	15	6	7	9	10	10	12	21	24	9	13	12	14	8	13	9	13	12	14	18	27.2	8	9	10	11	18	20
FAM2	[Maternal grandmother]	4-MGM	X	X																																																																																																																																												
FAM3	[Father]	5-FATHER	X	Y																																																																																																																																												
FAM3	[Paternal grandfather]	1-PGF	X	Y																																																																																																																																												
FAM3	[Paternal grandmother]	2-PGM	X	X	7	12	13	15	12	12	7	15	8	17	12	14	17	19	5	13	15	22	9	12	8	9	14	14	14	16	8	10	12	13	8	8	14	22	14	14	10	13	14	17.3	14	14	22	25	13	14	10	10	30	30	26	30	16	17	16	25	21	21	9	13	12.3	13.3	14	16	14	15	14	17	37	41	11	11	13	14	32.3	32.3	9	11	13	14	9	9	13	13.1	10	11	12	13	8	10	8	12	11	15	13	13	23	23	11	11	10	12	17	20	13	13	12.3	14.3	16	16	13	13	13	13	7	7	10	10	10	11	22	25	10	10	12	14	12	14	7	10	7	7	20	22	6	10	8	8	17	19
FAM3	[Mother]	6-MOTHER	X	X																																																																																																																																												
FAM3	[Maternal grandfather]	3-MGF	X	Y																																																																																																																																												
FAM3	[Maternal grandmother]	4-MGM	X	X	10	12	10	16	14	15	11	12	8	8	13	16	16	19	12	19	19	21	11	12	9	9	13	14	16	22.3	12	13	11	12	8	10	14	16	15	15	13	13	12	16	14	15	19	22	13	14	8	8	28	28	26	26	15	16	20	23	22	23	12	13	12.3	14.3	11	12	15	17	16	19	31	33	13	13	14	16	31.3	33.3	10	11	11	12	9	9	13	13	15	15	10	11	12	13	8	11	12	19	13	15	20	24	11	13	10	11	20	22	13	15	13.3	14.3	16	18	12	13	11	13	5	6	9	9	11	11	20	25	9	10	11	11	13	14	9	10	10	11	17	17	7	7	6	11	16	16
FAM3	[Sister]	7-SISTER	X	X	11	12	13	13	13	14	11	15	8	8	14	14	16	17	5	19	19	22	9	11	8	9	13	14	14	21.3	9	9	12	13	8	10	12	14	14	15	13	13	12	12	14	14	19	24	14	14	8	10	28	29	16.1	26	16	17	17	22	21	22	12	13	12.3	12.3	10	16	17	17	19	20	31	41	11	13	14	14	32.3	33.3	9	10	9	14	9	9	13	13	10	11	11	11	9	12	8	8	14	18	13	15	23	24	11	13	10	10	18	19	12	13	7	10.3	9	16	12	13	11	13	4	5	8	9	11	11	24	25	9	11	14	14	13	14	10	10	7	10	17	22	7	8	8	11	16	20
FAM3		10-MU	X	Y	11	12	11	16	13	15	12	14	8	14	14	16	14	19	12	19	19	21	8	11	9	9	13	14	14	16	9	12	12	13	8	10	14	15	14	15	13	13	12	18	14	15	19	22	13	14	8	11	28	30	16.1	26	12	15	20	21	22	23	12	12	13.3	14.3	12	12	16	17	17	19	33	36	10	13	15	16	31.3	31.3	11	11	11	14	9	9	13	14	12	15	11	11	9	12	11	11	18	19	15	17	21	24	11	11	10	10	18	20	14	15	10.3	14.3	16	16	12	13	13	15	5	7	6	9	11	11	20	24	9	12	11	14	10	14	9	10	10	16	17	19	6	7	11	11	16	16
FAM4	[Father]	5-FATHER	X	Y																																																																																																																																												
FAM4	[Paternal grandfather]	1-PGF	X	Y																																																																																																																																												
FAM4	[Paternal grandmother]	2-PGM	X	X																																																																																																																																												
FAM4	[Mother]	6-MOTHER	X	X																																																																																																																																												
FAM4	[Maternal grandfather]	3-MGF	X	Y																																																																																																																																												
FAM4	[Maternal grandmother]	4-MGM	X	X																																																																																																																																												
FAM4	[Aunt]	7-PA	X	X	11	11	13	14	12	14	10	12	14	17	15	15	13	16	19	19	15	17	12	13	9	9	14	14	16	17	9	10	11	12	10	10	13	13	13	14	13	13	14	15	14	15	24	26	15	15	8	10	29	30	25	32	15	16	21	25	21	23	9	13	12.3	12.3	14	14	15	18	16	17	31	37	11	13	13	14	31.3	31.3	10	10	9	11	9	9	12	13	11	12	11	11	10	12	8	11	11	13	13	14	20	21	11	11	11	12	17	18	12	15	7	12.3	9	18	12	12	13	13	4	5	7	9	11	11	21	27	11	11	11	13	12	12	9	12	13	15	17	31.2	6	7	8	11	16	16
FAM4	[Uncle]	8-PU	X	Y	11	12	13	14	12	13	12	14	14	17	12	15	13	16	19	19	17	26	11	13	9	12	14	14	14	16	10	11	11	12	9	10	13	16	13	14	13	14	14	15	14	15	23	24	13	15	9	10	29	30	25	32	14	17	20	25	21	23	13	13	12.3	13.3	10	14	15	18	15	17	30	36	11	13	13	14	31.3	32.3	10	10	9	11	9	9	12	12	12	15	11	12	10	12	8	11	12	13	13	14	20	21	11	11	11	12	17	19	12	15	7	12.3	9	18	11	12	13	15	3.2	4	7	9	10	11	23	27	11	11	11	13	9	12	9	12	10	15	17	31.2	6	7	6	12	17	18
FAM4	[Paternal half brother]	10-PHB	X	Y	11	12	13	14	12	13	10	12	14	17	12	14	16	17	14	19	18	26	12	12	8	9	14	14	17	23.3	10	10	12	12	9	10	13	14	13	13	14	14	15	17	12	15	21	23	12	15	10	10	30	32.2	26	32	17	17	21	23	22	23	9	12	12.3	14.3	11	14	16	16	16	17	31	31	10	13	13	14	31.3	32.3	9	11	9	14	9	9	14	14	12	15	11	13	10	12	8	15	11	12	13	17	21	22	11	12	11	12	17	21	13	15	7	12.3	17	18	11	14	13	15	3.2	4	9	9	11	12	20	27	10	11	14	14	5	12	10	12	10	10	15	18	7	7	6	11	18	19
FAM5	[Father]	5-FATHER	X	Y																																																																																																																																												
FAM5	[Paternal grandfather]	1-PGF	X	Y																																																																																																																																												
FAM5	[Paternal grandmother]	2-PGM	X	X																																																																																																																																												
FAM5	[Mother]	6-MOTHER	X	X	7	8	14	15	12	14	9	13	17	17	12	16	15	16	13	19	19	22	13	14	9	12	13	14	16	16	9	11	12	12	10	11	13	14	14	15	13	14	12	17.3	13	14	19	21	14	14	10	10	28	31	21	26	15	17	21	21	22	24	9	12	12.3	12.3	10	11	16	18	16	17	31	39	12	13	13	13	30.3	32.3	11	11	11	11	9	9	8.2	13	11	15	11	12	8	12	8	12	11	20	15	16	21	22	11	12	11	12	21	21	11	13	14.3	14.3	9	15	12	13	13	15	5	7	9	10	9	10	23	24	10	11	12	12	8	12	12	12	10	14	24.2	27.2	8	9	8	8	16	16
FAM5	[Maternal grandfather]	3-MGF	X	Y	7	12	14	14	13	14	10	13	8	17	12	16	16	16	19	19	18	22	12	14	9	9	13	14	14	16	9	11	11	12	8	11	13	15	13	14	13	13	11	17.3	14	15	19	23	13	14	10	10	28	30	26	28	15	15	21	24	22	22	9	13	12.3	13.3	10	10	15	18	16	19	36	39	12	12	13	15	30.3	31.3	11	11	11	12	9	9	8.2	13	11	15	12	12	8	12	8	8	13	20	15	16	21	22	11	12	12	12	21	22	13	16	12.3	14.3	9	9	12	12	15	15	5	7	6	9	9	11	24	26	10	11	9	12	9	12	12	14	12	14	19	24.2	9	9	8	8	16	16
FAM5	[Maternal grandmother]	4-MGM	X	X	8	9	13	15	12	12	9	10	17	17	13	16	15	16	13	13	19	22	11	13	9	12	12	14	16	16	8	11	11	12	10	11	14	16	11	15	13	14	12	14	13	13	21	22	14	14	9	10	31	31	21	25	16	17	18	21	22	24	12	12	12.3	13.3	11	14	15	16	17	17	31	41	13	13	13	13	31.3	32.3	11	11	11	14	9	9	12	13	12	15	11	12	9	12	12	15	11	17	16	17	21	22	11	11	10	11	19	21	10	11	14.3	14.3	9	15	11	13	13	13	5	7	10	10	10	13	21	23	10	11	12	15	8	9	11	12	7	10	19	27.2	8	9	8	11	16	18
FAM6	[Father]	5-FATHER	X	Y																																																																																																																																												
FAM6	[Paternal grandfather]	1-PGF	X	Y																																																																																																																																												
FAM6	[Paternal grandmother]	2-PGM	X	X																																																																																																																																												
FAM6	[Mother]	6-MOTHER	X	X	11	12	14	15	12	12	10	12	5	14	13	14	16	19	15	19	19	20	10	14	8	9	14	14	14	14	11	13	12	13	10	10	15	16	13	14	14	14	17.3	19.3	12	13	22	22	14	14	9	10	31.2	32.2	25	33	14	16	17	20	21	22	11	11	12.3	12.3	13	13	16	17	17	17	36	37	12	13	14	16	31.3	32.3	11	11	14	15	9	9	14	15	15	15	12	12	8	10	8	8	19	21	13	15	21	21	11	12	10	10	19	22	12	14	13.3	14.3	9	16	13	13	13	15	4	4	8	9	10	12	21	23	10	10	13	14	9	10	9	11	7	7	14	19	8	9.3	8	8	17	18
FAM6	[Maternal grandfather]	3-MGF	X	Y																																																																																																																																												
FAM6	[Maternal grandmother]	4-MGM	X	X																																																																																																																																												
FAM6	[Sister]	7-SISTER	X	X	11	12	13	15	12	12	7	12	8	14	12	13	14	16	19	19	19	19	10	10	8	12	14	14	14	14	9	11	13	13	10	10	13	16	13	15	13	14	16.3	19.3	13	14	22	24	14	14	10	12	31.2	33.1	25	25	16	16	17	21	22	22	11	13	12.3	14.3	13	14.3	16	16	17	17	36	38	10	12	14	16	30.3	32.3	10	11	11	15	9	9	13	15	15	15	12	12	8	10	8	8	9	19	13	15	20	21	11	11	8	10	19	20	13	14	13.3	14.3	9	15	13	13	13	13	4	5	9	10	8	12	21	25	10	12	13	14	9	9	9	11	7	19	14	19	8	9.3	8	9	16	17
FAM6	[Paternal half brother]	11-PHB	X	Y	11	12	10	12	12	14	9	12	14	14	13	13	16	16	19	19	16	19	12	13	12	12	13	14	14	17	9	11	13	13	8	10	13	14	13	15	13	13	11	16.3	12	14	19	22	13	14	8	10	28	29	24	26	15	17	21	22	21	22	9	13	12.3	12.3	11	11	16	16	17	18	38	39	10	12	13	14	30.3	32.3	10	10	11	14	9	10	12	13	11	15	11	13	8	10	8	8	11	16	13	13	20	22	11	11	9	10	17	20	13	13	7	14.3	15	19	12	13	13	13	7	13	9	10	8	13	21	25	11	12	12	12	9	11	12	13	12	19	16	19	9.3	9.3	9	10	16	16
FAM7	[Father]	5-FATHER	X	Y																																																																																																																																												
FAM7	[Paternal grandfather]	1-PGF	X	Y																																																																																																																																												
FAM7	[Paternal grandmother]	2-PGM	X	X	11	12	14	17	12	13	11	14	14	17	12	13	16	16	14	18	18	19	11	12	9	9	12	14	16	17	13	13	11	11	6	8	11	15	11	14	13	14	15	16	14	15	23	23	14	15	10	11	28	30	26	35	15	16	18	23	21	22	11	11	11.3	14.3	14	14	16	18	15	18	32	38	10	14	14	15	30.3	31.3	10	11	9	14	9	9	12	14	11	15	11	13	9	13	11	11	17	19	13	17	23	23	12	12	8	10	17	17	11	16	11.3	13.3	16	18	11	12	11	15	3.2	3.2	9	10	11	13	22	24	10	12	12	13	9	12	9	11	12	17	12	26.2	6	6	11	12	16	17
FAM7	[Mother]	6-MOTHER	X	X																																																																																																																																												
FAM7	[Maternal grandfather]	3-MGF	X	Y	11	11	8	14	10	13	12	14	14	14	12	16	17	17	12	15	19	19	11	12	8	8	13	14	13	14	12	13	12	12	7	8	12	16	13.2	14	14	14	14	16.3	14	15	23	26	13	15	10	10	28	28	24	30	15	17	20	26	22	22	11	12	12.3	12.3	10	14	16	16	15	18	34	39	10	10	13	14	31.3	32.3	10	10	14	14	9	9	14	14	11	11	12	16	8	13	8	8	11	20	15	16	21	22	11	12	10	12	20	23	14	14	8	12.3	18	18	13	13	13	13	3.2	7	9	9	10	11	25	26	13	13	14	14	5	10	9	14	8	16	20	31.2	9	9	8	11	15	19
FAM7	[Maternal grandmother]	4-MGM	X	X	11	11	12	14	13	14	11	12	14	17	14	15	12	12	13	19	19	22	9	14	8	12	14	14	16	18	9	9	12	12	8	9	12	17	13	16.2	11	14	16.3	18.3	14	14	22	22	14	14	9	11	28	31	25	26	11	12	17	23	22	22	12	13	12.3	13.3	11	11	16	16	16	17	38	38	12	12	15	15	31.3	32.3	10	10	11	13	9	9	13	13.1	15	15	11	13	9	10	8	11	14	18	12	15	23	23	11	11	11	12	16	18	14	14	7	13.3	9	17	12	12	13	14	4	6	9	10	10	11	19	23	11	12	14	16	10	11	11	12	10	21	19	31.2	7	9.3	8	10	16	17
FAM8	[Father]	5-FATHER	X	Y	11	12	16	16	14	14	10	13	8	17	13	16	12	16	12	15	19	21	11	12	8	9	13	14	16	16	11	13	12	12	9	10	15	20	12	14	14	14	12	16	14	16	23	23	13	14	10	10	29	29	26	26	11	15	16	25	22	22	12	12	12.3	15.3	12	14	17	18	16	16	27	38	13	13	14	14	30.3	34.3	9	11	9	11	10	12	14	14	11	15	12	13	8	11	8	11	12	19	14	17	21	21	11	12	9	10	18	20	9	10	7	7	9	9	12	13	13	15	3.2	5	6	8	11	12	25	29	11	13	14	14	12	13	9	10	5	8	16	29.2	6	8	8	10	16	17
FAM8	[Paternal grandfather]	1-PGF	X	Y																																																																																																																																												
FAM8	[Paternal grandmother]	2-PGM	X	X																																																																																																																																												
FAM8	[Mother]	6-MOTHER	X	X																																																																																																																																												
FAM8	[Maternal grandfather]	3-MGF	X	Y																																																																																																																																												
FAM8	[Maternal grandmother]	4-MGM	X	X	10	10	14	15	12	14	10	10	8	17	14	16	17	17	13	14	15	20	12	14	9	9	14	14	14	16	12	13	11	12	8	10	15	16	13	15.2	13	14	11	13	14	14	23	24	13	15	10	11	28	35	16.1	25	15	15	24	25	22	22	9	9	12.3	12.3	11	13	18	18	15	17	33	36	12	13	14	15	27	31.3	10	10	11	12	9	9	13	15	12	12	9	12	8	9	8	11	12	17	14	15	21	22	11	12	9	12	21	22	13	14	14.3	14.3	9	16	13	13	13	17	4	5	9	9	10	11	21	24	10	12	14	14	11	13	6	9	12	17	17	29	9.3	10	6	10	17	18
FAM8	[Sister]	7-SISTER	X	X	10	12	13	16	12	14	10	10	8	8	12	13	16	16	14	15	15	21	12	12	8	11	13	14	14	16	9	13	12	12	6	10	15	20	12	15	14	14	12	13	14	14	23	24	13	15	10	10	29	30	16.1	26	15	16	16	25	22	22	9	12	12.3	15.3	10	14	16	18	16	18	34	38	12	13	13	14	30.3	35.3	10	11	9	11	9	12	12	14	15	15	12	12	8	12	11	11	17	19	13	17	21	22	11	12	10	10	18	21	9	13	7	7	9	14	12	13	15	17	3.2	6	8	9	11	11	19	25	10	13	14	14	11	13	9	9	5	17	29	29.2	6	8	6	10	17	17
FAM8	[Uncle]	9-PU	X	Y	11	12	13	16	12	12	12	13	8	14	13	15	12	12	12	14	19	22	11	12	8	8	13	13	16	16	13	13	11	11	8	10	20	21	13.2	14	14	14	12	16	13	14	20	23	13	14	9	10	28	30	26	26	11	16	16	25	22	22	12	12	12.3	13.3	12	14	14	17	16	16	27	38	13	13	14	14	31.3	34.3	9	10	12	14	9	10	12	15	11	15	11	13	8	10	8	11	11	12	14	17	21	21	11	12	9	11	19	20	10	12	7	14.3	9	14	12	13	13	15	6	7	8	10	11	11	21	25	11	13	9	14	12	13	9	13	5	8	19	29.2	6	8	8	10	16	17
FAM9	[Father]	5-FATHER	X	Y	11	12	13	14	12	12	9	11	8	14	13	14	17	17	13	19	17	18	9	12	8	9	14	14	14	17	9	11	11	12	6	10	12	15	13	14.2	13	14	10	18.3	13	14	24	25	14	14	9	10	28	28	25	25	15	16	19	20	22	22	12	12	12.3	15.3	11	13	15	18	17	18	33	33	13	13	14	15	30.3	32.3	9	9	14	14	10	11	14	14.1	10	11	9	13	8	8	11	15	11	18	13	14	21	23	12	14	8	11	16	20	13	13	10.3	14.3	15	16	13	14	13	15	5	7	7	10	11	11	23	26	10	13	11	11	7	9	9	12	5	13	26.2	26.2	7	9	8	11	16	17
FAM9	[Paternal grandfather]	1-PGF	X	Y																																																																																																																																												
FAM9	[Paternal grandmother]	2-PGM	X	X																																																																																																																																												
FAM9	[Mother]	6-MOTHER	X	X																																																																																																																																												
FAM9	[Maternal grandfather]	3-MGF	X	Y	10	10	14	15	14	15	7	9	8	17	14	15	14	17	14	19	19	23	11	12	9	9	14	14	14	14	13	13	12	13	8	11	15	21	12	13	13	14	14	16	13	14	23	24	14	14	8	8	31	31.2	26	27	15	16	18	20	22	26	12	13	12.3	12.3	10	14	16	16	17	18	38	38	12	13	13	15	32.3	32.3	9	9	14	15	9	9	13	14	11	15	10	12	8	12	8	8	11	13	13	14	19	21	11	12	11	11	20	22	12	14	7	12.3	16	17	12	13	11	13	3.2	7	6	9	10	11	20	25	12	13	14	14	11	11	12	12	7	14	20	22	9	9	8	11	15	19
FAM9	[Maternal grandmother]	4-MGM	X	X																																																																																																																																												
FAM9		7-MU	X	Y	10	10	14	16	14	14	7	9	17	17	15	16	14	17	14	19	22	23	11	11	9	12	13	14	14	21.3	9	13	12	12	10	11	11	21	13	14	14	14	13	14	14	15	21	24	13	14	8	10	28	31.2	26	26	16	16	18	24	21	22	12	12	12.3	12.3	10	11	15	16	17	18	38	38	12	13	15	15	32.3	32.3	9	10	14	15	9	9	13	14	11	15	11	12	8	10	8	11	11	14	13	14	21	21	11	12	9	11	19	20	12	14	7	14.3	9	16	12	13	11	15	3.2	6	6	6	10	11	20	22	9	12	14	14	11	13	11	12	7	11	18	20	7	9	8	11	16	19
FAM9	[Maternal half sister]	10-MHS	X	X	10	11	13	15	12	14	9	9	17	17	14	16	17	18	16	19	15	19	10	11	9	9	13	14	14	21.3	11	11	12	13	6	8	11	19	13	14	14	14	11	14	14	15	19	21	13	14	10	12	29	31.2	16.1	37	16	17	21	26	22	24	12	12	12.3	14.3	10	14	16	16	15	17	37	38	10	12	13	15	27	32.3	9	11	11	14	9	9	8.2	13.1	15	15	10	12	12	12	8	12	18	19	13	15	19	21	11	11	10	11	18	20	14	14	7	7	16	18	13	13	11	15	5	6	9	10	10	10	20	26	10	13	11	14	11	12	9	12	5	8	18	18	6	7	8	11	15	17
FAM10	[Father]	5-FATHER	X	Y	11	12	14	15	12	13	10	12	14	17	12	15	12	16	5	18	17	18	11	12	9	9	14	14	13	14	8	12	11	15	9	10	14.2	18	12	13	13	14	16.3	17.3	14	14	24	24	14	15	10	12	29	32	25	26	15	16	17	20	21	22	13	13	12.3	14.3	10	12	15	16	17	17	32	40	12	12	14	15	32.3	33.3	9	11	9	11	9	9	13	13	13	15	10	12	8	13	8	8	13	15	13	14	22	23	11	11	10	12	17	18	11	14	8	13.3	9	18	13	15	13	13	5	5	8	9	10	11	21	25	10	10	10	12	9	11	10	12	11	14	18	30.2	6	7	8	8	15	16
FAM10	[Paternal grandfather]	1-PGF	X	Y	11	12	14	15	13	13	6	10	8	14	12	14	16	16	5	19	17	18	11	12	8	9	13	14	13	14	10	12	11	11	10	12	13	14.2	12	15	13	14	14	16.3	12	14	21	24	12	14	10	10	31	32	25	26	15	16	17	17	22	23	12	13	12.3	14.3	10	12	15	16	16	17	32	40	12	12	13	15	27	33.3	9	9	9	14	9	9	13	14	15	15	10	13	10	13	8	12	14	15	13	14	21	23	11	11	8	12	17	20	11	11	12.3	13.3	9	9	13	15	13	13	5	5	7	9	8	10	20	21	10	10	10	14	9	13	10	12	10	11	15	30.2	6	9	8	8	16	18
FAM10	[Paternal grandmother]	2-PGM	X	X	10	11	14	17	12	12	12	12	14	17	14	15	12	16	13	18	18	18	12	12	8	9	10	14	10	14	8	13	12	15	8	9	12	18	13	13.2	13	14	13	17.3	14	15	22	24	14	15	8	12	29	31.2	25	32	15	15	17	20	21	26	13	13	12.3	15.3	10	12	16	16	17	19	32	38	10	12	13	14	32.3	33.3	11	11	11	12	9	9	13	13	11	13	11	12	8	9	8	8	13	17	13	15	22	22	11	11	8	10	17	18	14	15	8	10.3	9	18	13	13	13	13	3.2	5	8	9	11	11	24	25	10	12	12	12	5	11	10	11	13	14	18	20	6	7	8	8	15	15
FAM10	[Mother]	6-MOTHER	X	X																																																																																																																																												
FAM10	[Maternal grandfather]	3-MGF	X	Y																																																																																																																																												
FAM10	[Maternal grandmother]	4-MGM	X	X	10	13	14	14	11	13	7	10	8	16	14	14	16	16	15	19	17	23	9	12	8	9	12	14	16	16	9	11	11	12	10	11	15	18	13	15	13	14	13	15	12	14	22	23	14	14	8	10	28	32.2	26	27	15	15	17	20	22	22	12	13	12.3	14.3	10	12	15	17	17	17	32	35	10	12	13	15	31.3	32.3	10	10	12	13	10	12	14	14.1	10	12	11	12	8	13	8	11	18	22	14	15	21	21	12	12	10	11	18	19	14	14	7	10.3	16	16	12	13	13	15	7	16	6	10	12	12	22	24	10	11	13	13	11	11	10	12	11	17	24.2	27.2	6	8	8	11	16	17
FAM11	[Father]	5-FATHER	X	Y																																																																																																																																												
FAM11	[Paternal grandfather]	1-PGF	X	Y																																																																																																																																												
FAM11	[Paternal grandmother]	2-PGM	X	X																																																																																																																																												
FAM11	[Mother]	6-MOTHER	X	X																																																																																																																																												
FAM11	[Maternal grandfather]	3-MGF	X	Y																																																																																																																																												
FAM11	[Maternal grandmother]	4-MGM	X	X																																																																																																																																												
FAM11	[Paternal half brother]	9-PHB	X	Y	10	13	14	15	12	14	15	15	8	8	13	16	14	16	13	14	16	20	9	11	8	9	13	14	16	18	11	11	12	13	9	10	12	14	12	15	14	14	14	16	14	15	24	24	12	13	10	10	28	31.2	25	26	16	16	17	23	21	22	9	11	12.3	13.3	11	14	15	16	17	18	31	36	11	13	14	14	31.3	35.3	10	11	12	12	10	11	8.2	13	11	11	13	13	9	13	8	11	11	12	13	14	19	23	11	13	11	12	20	22	14	16	13.3	14.3	16	18	11	13	15	15	3.2	7	8	9	11	12	22	24	10	10	12	12	10	15	2.2	11	15	17	28.2	31.2	8	9	8	11	16	17
FAM11	[Paternal half brother]	10-PHB	X	Y	10	11	14	15	12	14	15	15	8	14	12	17	14	16	19	20	16	18	9	13	9	9	14	14	16	17	11	12	12	13	9	10	12	14	11	13	10	14	14	14	14	15	20	24	12	13	10	10	29	35	25	26	11	16	17	23	21	22	12	13	12.3	15.3	11	14	14	15	16	17	31	38	11	11	14	15	31.3	35.3	10	11	12	13	10	11	13	13	11	12	13	13	9	13	8	11	11	24	13	14	19	23	11	11	11	12	20	22	12	16	7	7	16	18	11	13	15	15	3.2	7	6	8	11	12	21	23	10	10	12	13	13	13	2.2	11	12	15	28.2	31.2	6	7	8	11	17	17
FAM12	[Father]	5-FATHER	X	Y																																																																																																																																												
FAM12	[Paternal grandfather]	1-PGF	X	Y																																																																																																																																												
FAM12	[Paternal grandmother]	2-PGM	X	X	8	11	15	15	12	14	12	15	16	17	13	15	16	16	15	15	18	23	9	12	9	9	14	14	16	17	13	13	11	11	10	10	15	20	13.2	14	11	13	14	16	14	14	23	24	14	15	9	10	27	31.2	22	26	15	16	19	25	22	26	9	12	13.3	13.3	11	12	15	16	16	18	30	38	12	13	13	14	30.3	31.3	10	11	14	14	9	11	12	14	12	15	11	11	8	9	8	11	11	12	13	15	21	21	11	11	8	10	18	21	14	15	12.3	14.3	9	16	12	13	9	13	7	7	10	10	11	11	26	28	10	12	14	14	12	13	9	15	5	11	18	19	6	8	8	9	17	17
FAM12	[Mother]	6-MOTHER	X	X																																																																																																																																												
FAM12	[Maternal grandfather]	3-MGF	X	Y	11	13	12	15	12	12	9	9	14	17	14	15	16	17	14	19	18	18	10	12	8	9	13	14	16	17	11	12	11	12	8	11	14	16	13	14	11	14	13	14	14	14	22	25	13	13	10	10	28	31	25	26	15	16	21	24	22	23	12	12	13.3	13.3	11	14	15	15	14	15	32	38	12	12	13	14	30.3	31.3	10	10	9	11	9	10	12	14	10	15	8	13	8	9	11	11	14	17	13	13	20	25	11	12	11	12	18	21	13	14	13.3	14.3	9	16	13	13	11	13	5	7	8	10	12	12	23	25	10	10	14	14	7	11	2.2	15	9	16	22.2	28.2	5	7	8	9	16	18
FAM12	[Maternal grandmother]	4-MGM	X	X																																																																																																																																												
FAM13	[Father]	5-FATHER	X	Y	10	11	12	13	12	13	9	12	8	8	12	12	16	16	5	12	17	20	12	12	9	9	13	14	14	17	9	11	12	13	8	10	12	15	13	13.2	11	13	11	15	12	16	22	22	14	14	11	11	29	35	25	25	11	17	17	22	22	22	12	12	12.3	12.3	10	14	14	15	14	19	31	38	12	12	13	13	30.3	32.3	9	10	9	11	9	10	14	14	12	13	11	11	8	8	8	11	12	14	13	17	19	21	11	11	10	11	22	22	13	14	7	14.3	9	16	12	13	13	15	3.2	6	9	10	11	12	22	23	10	10	10	13	11	12	9	10	12	14	14	24	6	8	8	11	18	19
FAM13	[Paternal grandfather]	1-PGF	X	Y																																																																																																																																												
FAM13	[Paternal grandmother]	2-PGM	X	X	10	11	13	16	12	13	10	12	8	17	12	13	16	16	5	12	17	19	11	12	8	9	12	14	17	22.3	11	12	12	13	9	10	15	15	13	15.2	13	14	11	14	15	16	19	22	14	14	10	11	29	32.2	25	25	11	15	21	22	21	22	9	12	12.3	12.3	10	14	15	17	17	19	31	36	12	13	13	15	30.3	30.3	9	10	9	9	9	10	14	14	10	12	11	12	8	8	8	8	12	13	13	17	21	25	11	11	11	12	18	22	13	15	14.3	14.3	9	15	12	12	13	15	3.2	8	6	9	10	11	23	24	10	11	13	15	11	11	10	11	14	22	14	20	7	8	11	11	15	18
FAM13	[Mother]	6-MOTHER	X	X	12	12	13	15	12	14	11	17	14	14	12	14	16	16	12	19	17	17.3	11	12	8	8	12	13	17	17	9	10	12	12	9	12	14	17	13	13	14	14	12	16	14	15	20	25	13	13	9	10	30	33.2	26	35	10	16	19	22	22	25	12	13	12.3	13.3	11	12	16	18	15	15	35	38	10	13	13	14	31.3	32.3	10	11	9	12	9	9	12	14	11	15	8	11	8	13	8	11	17	20	13	15	20	21	11	12	10	12	17	17	15	15	7	15.3	16	18	13	13	13	14	3.2	6	6	10	11	11	22	23	11	12	12	14	9	9	9	12	5	8	17	18	6	7	8	8	13	15
FAM13	[Maternal grandfather]	3-MGF	X	Y																																																																																																																																												
FAM13	[Maternal grandmother]	4-MGM	X	X	12	12	14	15	13	14	12	17	5	14	14	14	16	16	12	19	17	20	11	13	8	8	13	14	14	17	9	11	11	12	9	9	11	14	12	13	14	14	11	12	12	14	19	20	13	14	8	10	30	33.2	24	35	16	16	19	21	22	22	12	13	12.3	13.3	11	11	15	18	15	17	35	37	10	10	13	14	31.3	32.3	10	11	12	12	9	10	14	14	13	15	8	10	8	9	11	11	17	17	12	15	21	21	11	11	12	12	17	21	15	16	7	13.3	16	17	13	13	13	15	3.2	9	6	10	8	11	19	23	10	11	12	14	9	11	9	9	5	12	17	24.2	6	7	8	11	15	18
FAM14	[Father]	5-FATHER	X	Y																																																																																																																																												
FAM14	[Paternal grandfather]	1-PGF	X	Y																																																																																																																																												
FAM14	[Paternal grandmother]	2-PGM	X	X																																																																																																																																												
FAM14	[Mother]	6-MOTHER	X	X																																																																																																																																												
FAM14	[Maternal grandfather]	3-MGF	X	Y																																																																																																																																												
FAM14	[Maternal grandmother]	4-MGM	X	X	11	11	13	14	12	13	10	13	8	16	12	14	14	16	13	19	17	23	9	12	8	8	13	14	16	16	12	12	12	12	10	11	14	16	13	13	13	14	13	17.3	12	15	24	25	13	13	8	10	28	28	25	26	16	16	21	23	21	22	11	12	12.3	12.3	11	15	14	16	15	18	36	37	12	12	13	14	31.3	31.3	9	11	12	13	9	9	12	14	11	15	9	12	8	12	11	11	13	19	15	15	21	21	10	11	10	11	19	22	14	15	14.3	14.3	14	16	11	11	13	15	3.2	6	8	9	10	11	22	24	10	12	14	14	11	12	8	9	7	11	27.2	30.2	6	9	8	8	15	18
FAM15	[Father]	5-FATHER	X	Y	10	12	15	16	10	14	7	9	17	18	14	15	16	16	19	19	15	17	11	12	8	9	14	14	14	16	9	12	13	13	6	10	17	18	12	14	13	13	11	12	13	14	19	21	13	14	10	10	28	31	25	26	15	15	21	24	21	26	11	12	12.3	13.3	11.3	11.3	14	16	16	17	37	39	12	13	14	15	31.3	32.3	10	10	9	14	9	10	13	13	12	15	11	12	8	9	12	13	12	13	13	15	22	25	11	12	11	12	21	21	14	14	14.3	14.3	17	17	12	14	9	13	5	6	8	9	11	11	21	24	10	13	12	13	8	11	9	10	11	16	12	28.2	7	9	11	11	14	18
FAM15	[Paternal grandfather]	1-PGF	X	Y	10	11	12	15	10	14	7	10	17	18	13	14	15	16	19	19	15	22	12	12	8	9	14	14	14	17	12	12	12	13	6	8	10	17	13	14	13	13	11	14	13	15	19	24	14	14	9	10	28	35	25	26	15	17	17	24	24	26	9	11	12.3	12.3	11	11.3	16	16	16	18	36	39	11	12	14	15	31.3	31.3	10	11	9	12	9	10	13	14	12	15	9	11	8	8	8	12	12	12	13	15	22	25	11	12	10	11	21	21	12	14	7	14.3	17	17	12	13	9	11	6	6	6	8	11	11	24	25	10	13	12	13	8	13	10	12	11	14	18	28.2	7	7	8	11	15	18
FAM15	[Paternal grandmother]	2-PGM	X	X																																																																																																																																												
FAM15	[Mother]	6-MOTHER	X	X																																																																																																																																												
FAM15	[Maternal grandfather]	3-MGF	X	Y																																																																																																																																												
FAM15	[Maternal grandmother]	4-MGM	X	X																																																																																																																																												
